latitude,longitude,energy,wavelength
-90.0,0.0,-2.4547168663045637e-19,1050.0
-90.0,10.0,-2.4547168663045637e-19,1050.0
-90.0,20.0,-2.4547168663045637e-19,1050.0
-90.0,30.0,-2.4547168663045637e-19,1050.0
-90.0,40.0,-2.4547168663045637e-19,1050.0
-90.0,50.0,-2.4547168663045637e-19,1050.0
-90.0,60.0,-2.4547168663045637e-19,1050.0
-90.0,70.0,-2.4547168663045637e-19,1050.0
-90.0,80.0,-2.4547168663045637e-19,1050.0
-90.0,90.0,-2.4547168663045637e-19,1050.0
-90.0,100.0,-2.4547168663045637e-19,1050.0
-90.0,110.0,-2.4547168663045637e-19,1050.0
-90.0,120.0,-2.4547168663045637e-19,1050.0
-90.0,130.0,-2.4547168663045637e-19,1050.0
-90.0,140.0,-2.4547168663045637e-19,1050.0
-90.0,150.0,-2.4547168663045637e-19,1050.0
-90.0,160.0,-2.4547168663045637e-19,1050.0
-90.0,170.0,-2.4547168663045637e-19,1050.0
-90.0,180.0,-2.632714199053267e-11,1050.0
-90.0,190.0,-5.4852923241449245,1050.0
-90.0,200.0,10.981691555253276,1050.0
-90.0,210.0,-9.614569491957623,1050.0
-90.0,220.0,7.02004576254998,1050.0
-90.0,230.0,-4.743114551881442,1050.0
-90.0,240.0,3.2530628735923983,1050.0
-90.0,250.0,-4.0495827569010405,1050.0
-90.0,260.0,2.883862258050898,1050.0
-90.0,270.0,-1.389807660337406,1050.0
-90.0,280.0,3.100967452559939,1050.0
-90.0,290.0,-4.755149573580753,1050.0
-90.0,300.0,4.834121611676951,1050.0
-90.0,310.0,-5.850306389190369,1050.0
-90.0,320.0,1.1032495352969027,1050.0
-90.0,330.0,-2.1357737481442416,1050.0
-90.0,340.0,1.934025217116186,1050.0
-90.0,350.0,-0.4596868136674156,1050.0
-80.0,0.0,47.07364766439409,1050.0
-80.0,10.0,-3.864129679056937,1050.0
-80.0,20.0,0.48041221903058556,1050.0
-80.0,30.0,0.48041221903058556,1050.0
-80.0,40.0,0.48041221903058556,1050.0
-80.0,50.0,0.48041221903058556,1050.0
-80.0,60.0,0.48041221903058556,1050.0
-80.0,70.0,0.48041221903058556,1050.0
-80.0,80.0,0.48041221903058556,1050.0
-80.0,90.0,0.48041221903058556,1050.0
-80.0,100.0,0.48041221903058556,1050.0
-80.0,110.0,0.48041221903058556,1050.0
-80.0,120.0,0.48041221903058556,1050.0
-80.0,130.0,0.48041221903058556,1050.0
-80.0,140.0,0.48041221903058556,1050.0
-80.0,150.0,0.48041221903058556,1050.0
-80.0,160.0,-0.03397763421917693,1050.0
-80.0,170.0,-0.4936116999064524,1050.0
-80.0,180.0,-41.11929371135923,1050.0
-80.0,190.0,-6.87736182405151,1050.0
-80.0,200.0,-78.52277895249202,1050.0
-80.0,210.0,-81.1681608924189,1050.0
-80.0,220.0,16.833317093401234,1050.0
-80.0,230.0,-24.238511164863677,1050.0
-80.0,240.0,50.818262834072414,1050.0
-80.0,250.0,39.84354254369721,1050.0
-80.0,260.0,14.052846578313865,1050.0
-80.0,270.0,8.903309829772125,1050.0
-80.0,280.0,6.90736626599828,1050.0
-80.0,290.0,13.913886375606058,1050.0
-80.0,300.0,-6.330409351930795,1050.0
-80.0,310.0,-54.63120332969711,1050.0
-80.0,320.0,36.370721932646624,1050.0
-80.0,330.0,44.06210805697498,1050.0
-80.0,340.0,15.843109794725315,1050.0
-80.0,350.0,25.21940104303093,1050.0
-70.0,0.0,4.6634249284297535,1050.0
-70.0,10.0,-6.170678704503043,1050.0
-70.0,20.0,18.279704310708514,1050.0
-70.0,30.0,-16.828772697911877,1050.0
-70.0,40.0,-3.4969823419092654,1050.0
-70.0,50.0,-0.05081978166404119,1050.0
-70.0,60.0,-0.05081978166404119,1050.0
-70.0,70.0,-0.05081978166404119,1050.0
-70.0,80.0,-0.05081978166404119,1050.0
-70.0,90.0,-0.05081978166404119,1050.0
-70.0,100.0,-0.05081978166404119,1050.0
-70.0,110.0,-0.05081978166404119,1050.0
-70.0,120.0,-0.05081978166404119,1050.0
-70.0,130.0,-0.011433194219826094,1050.0
-70.0,140.0,-3.6687335176431453,1050.0
-70.0,150.0,-12.53659264088561,1050.0
-70.0,160.0,-17.58498664642426,1050.0
-70.0,170.0,37.370179398611334,1050.0
-70.0,180.0,-30.055746588677337,1050.0
-70.0,190.0,41.985722692965965,1050.0
-70.0,200.0,-29.41902877642858,1050.0
-70.0,210.0,20.32724836871042,1050.0
-70.0,220.0,17.00017128358063,1050.0
-70.0,230.0,4.780245628007867,1050.0
-70.0,240.0,-15.307336727735237,1050.0
-70.0,250.0,5.31908220081247,1050.0
-70.0,260.0,-56.08285494108265,1050.0
-70.0,270.0,14.076384238592976,1050.0
-70.0,280.0,-23.612150465941305,1050.0
-70.0,290.0,0.8498264970550942,1050.0
-70.0,300.0,-29.828826772733898,1050.0
-70.0,310.0,-59.56643362325053,1050.0
-70.0,320.0,1.1742956952651817,1050.0
-70.0,330.0,-21.944768764459432,1050.0
-70.0,340.0,48.269189815114395,1050.0
-70.0,350.0,32.92021776341927,1050.0
-60.0,0.0,0.9710641432107643,1050.0
-60.0,10.0,-22.890785818925828,1050.0
-60.0,20.0,29.915219487099467,1050.0
-60.0,30.0,22.61689482595109,1050.0
-60.0,40.0,17.74481332853174,1050.0
-60.0,50.0,1.1720375825022238,1050.0
-60.0,60.0,8.420223490154306,1050.0
-60.0,70.0,-21.099139893973287,1050.0
-60.0,80.0,23.59369822856589,1050.0
-60.0,90.0,11.703120014506565,1050.0
-60.0,100.0,-5.474064610280684,1050.0
-60.0,110.0,-1.582494462030442,1050.0
-60.0,120.0,7.8743776104645375,1050.0
-60.0,130.0,-41.52034271854224,1050.0
-60.0,140.0,24.206932343581805,1050.0
-60.0,150.0,19.680631868091684,1050.0
-60.0,160.0,36.389814816951414,1050.0
-60.0,170.0,16.78522466881763,1050.0
-60.0,180.0,19.277726007838034,1050.0
-60.0,190.0,-5.91239048186852,1050.0
-60.0,200.0,-11.092074473463011,1050.0
-60.0,210.0,-10.512285133961864,1050.0
-60.0,220.0,21.193647011406174,1050.0
-60.0,230.0,12.744486953068488,1050.0
-60.0,240.0,6.040666624275898,1050.0
-60.0,250.0,64.14952062903707,1050.0
-60.0,260.0,-39.72365784602157,1050.0
-60.0,270.0,-91.15580265105906,1050.0
-60.0,280.0,0.6379250806133906,1050.0
-60.0,290.0,37.12212781122176,1050.0
-60.0,300.0,-43.03769513651925,1050.0
-60.0,310.0,-50.59934325173408,1050.0
-60.0,320.0,-15.229955839713368,1050.0
-60.0,330.0,-35.429142882876135,1050.0
-60.0,340.0,-4.8775492642964515,1050.0
-60.0,350.0,-77.33006972423468,1050.0
-50.0,0.0,-0.15320713041197997,1050.0
-50.0,10.0,-18.799838582770114,1050.0
-50.0,20.0,-12.414991258488357,1050.0
-50.0,30.0,-7.180983534513128,1050.0
-50.0,40.0,-3.300876228180842,1050.0
-50.0,50.0,32.283370213922474,1050.0
-50.0,60.0,-34.8904408119958,1050.0
-50.0,70.0,16.56530457979334,1050.0
-50.0,80.0,8.382599664089362,1050.0
-50.0,90.0,1.4021543950390143,1050.0
-50.0,100.0,9.943988217088874,1050.0
-50.0,110.0,12.741091570889193,1050.0
-50.0,120.0,-3.7115327366606636,1050.0
-50.0,130.0,-19.36257314677769,1050.0
-50.0,140.0,16.32890986882651,1050.0
-50.0,150.0,-14.995636303490189,1050.0
-50.0,160.0,9.868253619934547,1050.0
-50.0,170.0,9.71640768580214,1050.0
-50.0,180.0,11.329354440595873,1050.0
-50.0,190.0,-7.365254376012928,1050.0
-50.0,200.0,30.139943184040998,1050.0
-50.0,210.0,-11.301777123131046,1050.0
-50.0,220.0,-16.817976834356855,1050.0
-50.0,230.0,-52.38380317686005,1050.0
-50.0,240.0,-52.73427481925194,1050.0
-50.0,250.0,-13.356113654849082,1050.0
-50.0,260.0,19.470855558950465,1050.0
-50.0,270.0,23.129726964179554,1050.0
-50.0,280.0,2.3312252994458493,1050.0
-50.0,290.0,-3.148488821562456,1050.0
-50.0,300.0,15.416421358502117,1050.0
-50.0,310.0,16.889739787850626,1050.0
-50.0,320.0,-9.274179258308282,1050.0
-50.0,330.0,-26.073851628287855,1050.0
-50.0,340.0,53.089925485927246,1050.0
-50.0,350.0,4.705376853495657,1050.0
-40.0,0.0,-32.08218467581368,1050.0
-40.0,10.0,-17.357465846673918,1050.0
-40.0,20.0,9.78401201194135,1050.0
-40.0,30.0,-6.572811887132923,1050.0
-40.0,40.0,-20.795046527287848,1050.0
-40.0,50.0,5.81140137661739,1050.0
-40.0,60.0,-4.496998194121231,1050.0
-40.0,70.0,-15.061774103171972,1050.0
-40.0,80.0,5.528054772907091,1050.0
-40.0,90.0,-77.95269474532226,1050.0
-40.0,100.0,-22.279713557772972,1050.0
-40.0,110.0,-27.775809577638316,1050.0
-40.0,120.0,-1.886202319605756,1050.0
-40.0,130.0,6.273850793135176,1050.0
-40.0,140.0,4.946389450168416,1050.0
-40.0,150.0,-1.5703372045849058,1050.0
-40.0,160.0,18.248192624037316,1050.0
-40.0,170.0,21.983490628530927,1050.0
-40.0,180.0,-29.707314375514585,1050.0
-40.0,190.0,9.833302292093414,1050.0
-40.0,200.0,-21.04625949001151,1050.0
-40.0,210.0,-47.54651281889214,1050.0
-40.0,220.0,-39.931327650016335,1050.0
-40.0,230.0,1.3876100098671618,1050.0
-40.0,240.0,-10.057425076832269,1050.0
-40.0,250.0,-58.26557271642684,1050.0
-40.0,260.0,-58.26062978857759,1050.0
-40.0,270.0,12.559080298599362,1050.0
-40.0,280.0,-21.82441259269482,1050.0
-40.0,290.0,-55.940146970193844,1050.0
-40.0,300.0,5.184886691086479,1050.0
-40.0,310.0,-25.449935753530763,1050.0
-40.0,320.0,-30.560765191649644,1050.0
-40.0,330.0,-44.24592322244693,1050.0
-40.0,340.0,-21.47714536839469,1050.0
-40.0,350.0,36.059303333941415,1050.0
-30.0,0.0,55.05831926260602,1050.0
-30.0,10.0,-66.04433564079085,1050.0
-30.0,20.0,23.408929656508334,1050.0
-30.0,30.0,19.991266994757293,1050.0
-30.0,40.0,73.40649042113665,1050.0
-30.0,50.0,46.70768724608094,1050.0
-30.0,60.0,-10.731500990684584,1050.0
-30.0,70.0,-6.302116819971122,1050.0
-30.0,80.0,-14.894156934629486,1050.0
-30.0,90.0,-35.41157610601133,1050.0
-30.0,100.0,17.396018610184683,1050.0
-30.0,110.0,-7.138417734093286,1050.0
-30.0,120.0,24.717246381877032,1050.0
-30.0,130.0,-12.262467693867482,1050.0
-30.0,140.0,7.758554394053297,1050.0
-30.0,150.0,20.247833550502794,1050.0
-30.0,160.0,-48.742156694556,1050.0
-30.0,170.0,4.36106062307887,1050.0
-30.0,180.0,-39.1158236844571,1050.0
-30.0,190.0,-50.35880948289164,1050.0
-30.0,200.0,-17.205160838845686,1050.0
-30.0,210.0,-18.854771416119103,1050.0
-30.0,220.0,-17.041190303892378,1050.0
-30.0,230.0,-2.0538057619128804,1050.0
-30.0,240.0,-13.87449830127269,1050.0
-30.0,250.0,18.71228873028157,1050.0
-30.0,260.0,-34.12998288964779,1050.0
-30.0,270.0,-23.236969161348924,1050.0
-30.0,280.0,51.52106050585736,1050.0
-30.0,290.0,71.31769662116209,1050.0
-30.0,300.0,32.758331977428284,1050.0
-30.0,310.0,26.019909584260926,1050.0
-30.0,320.0,10.901929892960156,1050.0
-30.0,330.0,16.181908143765916,1050.0
-30.0,340.0,-10.468261777897222,1050.0
-30.0,350.0,-9.394659853152511,1050.0
-20.0,0.0,-14.739530648145504,1050.0
-20.0,10.0,-42.94894350300572,1050.0
-20.0,20.0,9.075860223345513,1050.0
-20.0,30.0,6.547550933590632,1050.0
-20.0,40.0,26.857613454975315,1050.0
-20.0,50.0,-1.270872780627057,1050.0
-20.0,60.0,-30.654039861426387,1050.0
-20.0,70.0,-13.822601732471103,1050.0
-20.0,80.0,43.488431222954205,1050.0
-20.0,90.0,2.8329378753506447,1050.0
-20.0,100.0,-7.224913353010699,1050.0
-20.0,110.0,11.515132466267353,1050.0
-20.0,120.0,-5.8712893294485315,1050.0
-20.0,130.0,-6.6027993803647735,1050.0
-20.0,140.0,28.262710997818115,1050.0
-20.0,150.0,-1.6586657459802527,1050.0
-20.0,160.0,26.54631221818616,1050.0
-20.0,170.0,17.38420966006186,1050.0
-20.0,180.0,58.15567476394297,1050.0
-20.0,190.0,29.38164989971118,1050.0
-20.0,200.0,33.24213287709626,1050.0
-20.0,210.0,17.352183798294888,1050.0
-20.0,220.0,23.62685232223678,1050.0
-20.0,230.0,45.22190173540912,1050.0
-20.0,240.0,6.167670822485507,1050.0
-20.0,250.0,75.00670181742603,1050.0
-20.0,260.0,-44.529800522049484,1050.0
-20.0,270.0,53.33680198791353,1050.0
-20.0,280.0,31.463273010851278,1050.0
-20.0,290.0,53.93791068846352,1050.0
-20.0,300.0,22.082647487941585,1050.0
-20.0,310.0,-80.03673155229264,1050.0
-20.0,320.0,-9.10628451718023,1050.0
-20.0,330.0,-83.94370937926107,1050.0
-20.0,340.0,20.300601902859803,1050.0
-20.0,350.0,-8.098726108161788,1050.0
-10.0,0.0,62.3396332630097,1050.0
-10.0,10.0,45.91750379039654,1050.0
-10.0,20.0,-8.128092751532058,1050.0
-10.0,30.0,85.77868878181603,1050.0
-10.0,40.0,13.547368785192498,1050.0
-10.0,50.0,-53.59414785934895,1050.0
-10.0,60.0,13.408141559558022,1050.0
-10.0,70.0,19.390818401202623,1050.0
-10.0,80.0,-66.8009786512069,1050.0
-10.0,90.0,-3.5978320473688683,1050.0
-10.0,100.0,-5.70362077647077,1050.0
-10.0,110.0,-14.085295041527777,1050.0
-10.0,120.0,21.004882115044364,1050.0
-10.0,130.0,62.85252694071462,1050.0
-10.0,140.0,-77.11839032503289,1050.0
-10.0,150.0,65.1237316960548,1050.0
-10.0,160.0,33.27461273817585,1050.0
-10.0,170.0,-18.75180954449506,1050.0
-10.0,180.0,41.95978388212229,1050.0
-10.0,190.0,-1.3511717698672925,1050.0
-10.0,200.0,24.597011764708895,1050.0
-10.0,210.0,4.218615914867114,1050.0
-10.0,220.0,-21.26480039622451,1050.0
-10.0,230.0,19.235823408832637,1050.0
-10.0,240.0,40.18761700052889,1050.0
-10.0,250.0,10.263655455664631,1050.0
-10.0,260.0,-19.245336957001953,1050.0
-10.0,270.0,-0.41582796023056723,1050.0
-10.0,280.0,9.024855879992984,1050.0
-10.0,290.0,-20.90405259416831,1050.0
-10.0,300.0,-16.704322918990993,1050.0
-10.0,310.0,26.032078284073407,1050.0
-10.0,320.0,71.36136674937939,1050.0
-10.0,330.0,52.7176599740389,1050.0
-10.0,340.0,-12.302152400461624,1050.0
-10.0,350.0,59.58952196313625,1050.0
0.0,0.0,-21.697775620517618,1050.0
0.0,10.0,-32.4658347758571,1050.0
0.0,20.0,2.6484933804262205,1050.0
0.0,30.0,55.759436778755315,1050.0
0.0,40.0,-61.57959971204894,1050.0
0.0,50.0,-31.053085643411478,1050.0
0.0,60.0,-42.15728953258119,1050.0
0.0,70.0,30.264196099784648,1050.0
0.0,80.0,16.015373863084008,1050.0
0.0,90.0,-36.88004459356661,1050.0
0.0,100.0,-0.02578618376129338,1050.0
0.0,110.0,0.010839887045997476,1050.0
0.0,120.0,21.145118232991287,1050.0
0.0,130.0,50.20445938319537,1050.0
0.0,140.0,15.927138767505337,1050.0
0.0,150.0,29.67476053524453,1050.0
0.0,160.0,21.50703960394634,1050.0
0.0,170.0,1.450503249473682,1050.0
0.0,180.0,-13.108502421072657,1050.0
0.0,190.0,49.285198485202066,1050.0
0.0,200.0,6.034525776034464,1050.0
0.0,210.0,1.6169465320601701,1050.0
0.0,220.0,-41.53258832779275,1050.0
0.0,230.0,-0.7021506589678522,1050.0
0.0,240.0,-3.9726456462097,1050.0
0.0,250.0,-1.22244662884557,1050.0
0.0,260.0,20.98791687162604,1050.0
0.0,270.0,15.475198372245595,1050.0
0.0,280.0,-5.365258703090131,1050.0
0.0,290.0,37.409215720644006,1050.0
0.0,300.0,-47.32297621726998,1050.0
0.0,310.0,-27.802457541674052,1050.0
0.0,320.0,27.423812964892306,1050.0
0.0,330.0,5.061357596692995,1050.0
0.0,340.0,25.453973700950264,1050.0
0.0,350.0,21.56518721558632,1050.0
10.0,0.0,-16.247030317425665,1050.0
10.0,10.0,11.489492719191851,1050.0
10.0,20.0,27.925784578041625,1050.0
10.0,30.0,4.619288344757117,1050.0
10.0,40.0,34.01670042265823,1050.0
10.0,50.0,35.32826632608796,1050.0
10.0,60.0,-39.58583298906838,1050.0
10.0,70.0,-49.20365246391839,1050.0
10.0,80.0,-36.52458989267706,1050.0
10.0,90.0,11.253458615595212,1050.0
10.0,100.0,-35.10766059449453,1050.0
10.0,110.0,-38.590099402559105,1050.0
10.0,120.0,16.794453371202028,1050.0
10.0,130.0,-9.495227823396124,1050.0
10.0,140.0,-55.84978975000494,1050.0
10.0,150.0,-4.251310367812245,1050.0
10.0,160.0,-67.74373023774186,1050.0
10.0,170.0,-24.694782991675364,1050.0
10.0,180.0,-36.3321303958883,1050.0
10.0,190.0,-16.777437164358645,1050.0
10.0,200.0,13.40433496768189,1050.0
10.0,210.0,12.025611822327212,1050.0
10.0,220.0,-11.131138154219592,1050.0
10.0,230.0,6.669874640656865,1050.0
10.0,240.0,-27.96730907537495,1050.0
10.0,250.0,-32.73358871518689,1050.0
10.0,260.0,-12.219439919176446,1050.0
10.0,270.0,-58.29172961889308,1050.0
10.0,280.0,2.7082456803907267,1050.0
10.0,290.0,-5.744754750020853,1050.0
10.0,300.0,24.44587987366804,1050.0
10.0,310.0,-57.70608904352177,1050.0
10.0,320.0,-5.713115043729642,1050.0
10.0,330.0,-27.264393530183657,1050.0
10.0,340.0,-31.048645919685434,1050.0
10.0,350.0,55.122895458428246,1050.0
20.0,0.0,-13.186096743036918,1050.0
20.0,10.0,24.62928129195042,1050.0
20.0,20.0,77.3816222191311,1050.0
20.0,30.0,9.647195500170842,1050.0
20.0,40.0,-8.659278993268101,1050.0
20.0,50.0,-20.121086358485815,1050.0
20.0,60.0,38.18261761656173,1050.0
20.0,70.0,-7.4128783642839995,1050.0
20.0,80.0,25.323490635102964,1050.0
20.0,90.0,-32.05374283167203,1050.0
20.0,100.0,94.55160142923808,1050.0
20.0,110.0,39.8791550080489,1050.0
20.0,120.0,-10.444594687986356,1050.0
20.0,130.0,-43.72710978076988,1050.0
20.0,140.0,-0.8328708328977683,1050.0
20.0,150.0,-20.73420173073209,1050.0
20.0,160.0,15.772886958905163,1050.0
20.0,170.0,83.55977685449471,1050.0
20.0,180.0,9.988726024158973,1050.0
20.0,190.0,-11.117167480223305,1050.0
20.0,200.0,-21.364010627382203,1050.0
20.0,210.0,-21.038948016884994,1050.0
20.0,220.0,8.570094263624341,1050.0
20.0,230.0,-25.399191825423564,1050.0
20.0,240.0,6.274175649985667,1050.0
20.0,250.0,-29.78957815202658,1050.0
20.0,260.0,50.21222386948914,1050.0
20.0,270.0,-9.738354429236491,1050.0
20.0,280.0,23.002756045592612,1050.0
20.0,290.0,42.296215012789716,1050.0
20.0,300.0,-54.234001368864455,1050.0
20.0,310.0,42.91815495493046,1050.0
20.0,320.0,-11.668320036353332,1050.0
20.0,330.0,17.64663480171744,1050.0
20.0,340.0,-31.752027549546412,1050.0
20.0,350.0,-47.62810937536413,1050.0
30.0,0.0,-23.700809907255852,1050.0
30.0,10.0,-31.702620463549025,1050.0
30.0,20.0,-30.854904998606564,1050.0
30.0,30.0,41.636231543867126,1050.0
30.0,40.0,56.82770179468643,1050.0
30.0,50.0,-0.8081757083779504,1050.0
30.0,60.0,65.28121145061132,1050.0
30.0,70.0,7.952140531496719,1050.0
30.0,80.0,-12.805918329646342,1050.0
30.0,90.0,63.977973577357304,1050.0
30.0,100.0,35.48284506165048,1050.0
30.0,110.0,-38.74891754866218,1050.0
30.0,120.0,-13.361219765710198,1050.0
30.0,130.0,49.45354464238717,1050.0
30.0,140.0,75.27999987443995,1050.0
30.0,150.0,-35.158347166386335,1050.0
30.0,160.0,28.745977298851482,1050.0
30.0,170.0,53.53548927759665,1050.0
30.0,180.0,19.902878508342834,1050.0
30.0,190.0,-65.20580102396009,1050.0
30.0,200.0,54.327939426065804,1050.0
30.0,210.0,-54.61019637687481,1050.0
30.0,220.0,-13.59402750675688,1050.0
30.0,230.0,-1.8968861924197142,1050.0
30.0,240.0,-13.761048980109635,1050.0
30.0,250.0,-14.038949817880072,1050.0
30.0,260.0,-19.051725389912768,1050.0
30.0,270.0,26.786876516011944,1050.0
30.0,280.0,-4.494725250404873,1050.0
30.0,290.0,38.338902131796736,1050.0
30.0,300.0,15.708875652084288,1050.0
30.0,310.0,15.75799014470461,1050.0
30.0,320.0,1.4438174642838333,1050.0
30.0,330.0,73.01433370303715,1050.0
30.0,340.0,21.31354559998254,1050.0
30.0,350.0,-15.572994249918464,1050.0
40.0,0.0,-1.28852436812992,1050.0
40.0,10.0,11.25922143678864,1050.0
40.0,20.0,-56.87270755648524,1050.0
40.0,30.0,-8.035849993654448,1050.0
40.0,40.0,31.11017218827248,1050.0
40.0,50.0,7.994297154967313,1050.0
40.0,60.0,-0.4417255904331001,1050.0
40.0,70.0,24.690416271461984,1050.0
40.0,80.0,56.74116460060684,1050.0
40.0,90.0,37.51555892280351,1050.0
40.0,100.0,-20.595808127131793,1050.0
40.0,110.0,-51.901918749185114,1050.0
40.0,120.0,-20.232813642733305,1050.0
40.0,130.0,-36.38874741202103,1050.0
40.0,140.0,61.76107605676853,1050.0
40.0,150.0,22.378485039865797,1050.0
40.0,160.0,-26.86707895297509,1050.0
40.0,170.0,-34.97223257471279,1050.0
40.0,180.0,10.445823555942885,1050.0
40.0,190.0,17.56452804575857,1050.0
40.0,200.0,-61.70743609960805,1050.0
40.0,210.0,-17.681785548076025,1050.0
40.0,220.0,0.5548417204164601,1050.0
40.0,230.0,28.084986358034346,1050.0
40.0,240.0,1.6696118959145827,1050.0
40.0,250.0,5.299856801247171,1050.0
40.0,260.0,-14.901250674472042,1050.0
40.0,270.0,4.865105985119227,1050.0
40.0,280.0,20.970102754009172,1050.0
40.0,290.0,-17.493316957603376,1050.0
40.0,300.0,-33.2629646516584,1050.0
40.0,310.0,49.072422948022535,1050.0
40.0,320.0,7.773403106312451,1050.0
40.0,330.0,2.356440156157106,1050.0
40.0,340.0,7.873456521655728,1050.0
40.0,350.0,20.02903639986151,1050.0
50.0,0.0,25.356788020057937,1050.0
50.0,10.0,47.969402038706505,1050.0
50.0,20.0,-6.195282845252777,1050.0
50.0,30.0,-16.770811415355187,1050.0
50.0,40.0,38.29270867706002,1050.0
50.0,50.0,-40.51037442030465,1050.0
50.0,60.0,-20.549117031332916,1050.0
50.0,70.0,44.37370860034285,1050.0
50.0,80.0,9.872811470980766,1050.0
50.0,90.0,-66.8319921906843,1050.0
50.0,100.0,-34.77554034643641,1050.0
50.0,110.0,-110.76979477129593,1050.0
50.0,120.0,42.3112407500444,1050.0
50.0,130.0,-26.633085195492082,1050.0
50.0,140.0,50.56615887693577,1050.0
50.0,150.0,59.65206772616477,1050.0
50.0,160.0,-15.246312307383072,1050.0
50.0,170.0,18.33178853243805,1050.0
50.0,180.0,67.42135367476443,1050.0
50.0,190.0,-67.58245190099788,1050.0
50.0,200.0,15.421552712098388,1050.0
50.0,210.0,-23.710524165490416,1050.0
50.0,220.0,24.255106932314366,1050.0
50.0,230.0,-24.14635166026131,1050.0
50.0,240.0,-7.780065636666033,1050.0
50.0,250.0,-21.015449454965133,1050.0
50.0,260.0,-14.967802900722628,1050.0
50.0,270.0,12.39231679117728,1050.0
50.0,280.0,-21.462306879129457,1050.0
50.0,290.0,6.929170250264364,1050.0
50.0,300.0,38.63291389912984,1050.0
50.0,310.0,36.57923873062552,1050.0
50.0,320.0,-51.87098310168129,1050.0
50.0,330.0,-62.652625477196,1050.0
50.0,340.0,0.5885794384443201,1050.0
50.0,350.0,10.368811648892276,1050.0
60.0,0.0,-1.284122614354846,1050.0
60.0,10.0,-44.762757041424855,1050.0
60.0,20.0,1.0124370351519651,1050.0
60.0,30.0,-66.63213279991994,1050.0
60.0,40.0,104.46417450321694,1050.0
60.0,50.0,52.43465595222307,1050.0
60.0,60.0,-107.86930671677399,1050.0
60.0,70.0,37.75432689031646,1050.0
60.0,80.0,-13.891248909905872,1050.0
60.0,90.0,59.770185701916816,1050.0
60.0,100.0,-20.518324236915564,1050.0
60.0,110.0,-41.3310037935467,1050.0
60.0,120.0,-43.12402607500644,1050.0
60.0,130.0,97.34259182522182,1050.0
60.0,140.0,38.18201348072182,1050.0
60.0,150.0,65.71430492431301,1050.0
60.0,160.0,-4.8170320076063895,1050.0
60.0,170.0,-37.14374900420442,1050.0
60.0,180.0,-32.07848800222144,1050.0
60.0,190.0,34.36239003832635,1050.0
60.0,200.0,12.627262500645944,1050.0
60.0,210.0,-25.50916440864792,1050.0
60.0,220.0,-20.033506542241486,1050.0
60.0,230.0,4.5516161351298035,1050.0
60.0,240.0,16.938338707061412,1050.0
60.0,250.0,-7.909179351494591,1050.0
60.0,260.0,25.763581220129197,1050.0
60.0,270.0,-5.259975640024059,1050.0
60.0,280.0,8.337801634316826,1050.0
60.0,290.0,2.6363317563727637,1050.0
60.0,300.0,-26.1794641052063,1050.0
60.0,310.0,-6.842254751042965,1050.0
60.0,320.0,5.445368851994285,1050.0
60.0,330.0,40.702248754092395,1050.0
60.0,340.0,22.49166882039836,1050.0
60.0,350.0,16.711242976636836,1050.0
70.0,0.0,-81.51866525640084,1050.0
70.0,10.0,-48.92632451365315,1050.0
70.0,20.0,103.97913991861188,1050.0
70.0,30.0,-4.428158473786003,1050.0
70.0,40.0,70.0413472573776,1050.0
70.0,50.0,40.48525192273162,1050.0
70.0,60.0,-94.1201795454939,1050.0
70.0,70.0,86.03792046634693,1050.0
70.0,80.0,-31.94438977062487,1050.0
70.0,90.0,-57.16458350195445,1050.0
70.0,100.0,82.3592232970071,1050.0
70.0,110.0,-74.42178112830089,1050.0
70.0,120.0,-88.23377564120771,1050.0
70.0,130.0,84.9895651202661,1050.0
70.0,140.0,8.491808049145865,1050.0
70.0,150.0,-51.074483534761725,1050.0
70.0,160.0,12.094234986558506,1050.0
70.0,170.0,1.6957136854407913,1050.0
70.0,180.0,49.36396697354036,1050.0
70.0,190.0,5.331818465837491,1050.0
70.0,200.0,-43.357236411876784,1050.0
70.0,210.0,0.3614814483346205,1050.0
70.0,220.0,-5.702558460207687,1050.0
70.0,230.0,-0.025473274892999952,1050.0
70.0,240.0,-0.025473274892999952,1050.0
70.0,250.0,-0.025473274892999952,1050.0
70.0,260.0,-0.025473274892999952,1050.0
70.0,270.0,-0.025473274892999952,1050.0
70.0,280.0,-0.025473274892999952,1050.0
70.0,290.0,-0.025473274892999952,1050.0
70.0,300.0,-0.025473274892999952,1050.0
70.0,310.0,0.08966496796246813,1050.0
70.0,320.0,14.452903094431637,1050.0
70.0,330.0,-2.068498762548538,1050.0
70.0,340.0,-4.289271755482736,1050.0
70.0,350.0,2.544052464657018,1050.0
80.0,0.0,-11.854995347261502,1050.0
80.0,10.0,-12.196181226835925,1050.0
80.0,20.0,12.287734792498599,1050.0
80.0,30.0,40.364631171195555,1050.0
80.0,40.0,-25.60857364799569,1050.0
80.0,50.0,16.99791997927249,1050.0
80.0,60.0,-22.190124930346897,1050.0
80.0,70.0,23.273668859646364,1050.0
80.0,80.0,6.400823758602261,1050.0
80.0,90.0,11.880353140897945,1050.0
80.0,100.0,11.730836501549234,1050.0
80.0,110.0,-8.991121654276718,1050.0
80.0,120.0,9.2415213442965,1050.0
80.0,130.0,31.16066581611005,1050.0
80.0,140.0,-181.7797131195035,1050.0
80.0,150.0,45.595400650049754,1050.0
80.0,160.0,-59.721408386857085,1050.0
80.0,170.0,15.398598481293124,1050.0
80.0,180.0,-31.282346596114234,1050.0
80.0,190.0,16.749930194238324,1050.0
80.0,200.0,0.4535640639203751,1050.0
80.0,210.0,0.4535640639203751,1050.0
80.0,220.0,0.4535640639203751,1050.0
80.0,230.0,0.4535640639203751,1050.0
80.0,240.0,0.4535640639203751,1050.0
80.0,250.0,0.4535640639203751,1050.0
80.0,260.0,0.4535640639203751,1050.0
80.0,270.0,0.4535640639203751,1050.0
80.0,280.0,0.4535640639203751,1050.0
80.0,290.0,0.4535640639203751,1050.0
80.0,300.0,0.4535640639203751,1050.0
80.0,310.0,0.4535640639203751,1050.0
80.0,320.0,0.4535640639203751,1050.0
80.0,330.0,0.4535640639203751,1050.0
80.0,340.0,0.39081937314583737,1050.0
80.0,350.0,-10.831581508741152,1050.0
