0.0 37.2375939867
10.0 36.0382232867
20.0 34.8940416219
30.0 33.837264038
40.0 32.8960928465
50.0 32.0943319952
60.0 31.4512419109
70.0 30.9815694978
80.0 30.695678174
90.0 30.5997042673
100.0 30.695678174
110.0 30.9815694978
120.0 31.4512419109
130.0 32.0943319952
140.0 32.8960928465
150.0 33.837264038
160.0 34.8940416219
170.0 36.0382232867
180.0 37.2375939867
190.0 38.4565971725
200.0 39.6573083269
210.0 40.8006941135
220.0 41.8481059934
230.0 42.762925824
240.0 43.5122565966
250.0 44.0685372125
260.0 44.4109580259
270.0 44.5265644183
280.0 44.4109580259
290.0 44.0685372125
300.0 43.5122565966
310.0 42.762925824
320.0 41.8481059934
330.0 40.8006941135
340.0 39.6573083269
350.0 38.4565971725
