0.0 42.7042521049
10.0 41.3288080104
20.0 40.0166549674
30.0 38.8047373451
40.0 37.7253976904
50.0 36.8059344851
60.0 36.0684356797
70.0 35.5298130946
80.0 35.2019515477
90.0 35.0918882093
100.0 35.2019515477
110.0 35.5298130946
120.0 36.0684356797
130.0 36.8059344851
140.0 37.7253976904
150.0 38.8047373451
160.0 40.0166549674
170.0 41.3288080104
180.0 42.7042521049
190.0 44.1022108286
200.0 45.4791921625
210.0 46.7904324887
220.0 47.9916094765
230.0 49.0407292636
240.0 49.9000654022
250.0 50.5380106912
260.0 50.930700529
270.0 51.0632784965
280.0 50.930700529
290.0 50.5380106912
300.0 49.9000654022
310.0 49.0407292636
320.0 47.9916094765
330.0 46.7904324887
340.0 45.4791921625
350.0 44.1022108286
