0.0 40.2117348493
10.0 38.9165712414
20.0 37.6810045789
30.0 36.5398229006
40.0 35.5234810174
50.0 34.6576840817
60.0 33.9632308374
70.0 33.4560460137
80.0 33.1473207477
90.0 33.0436814715
100.0 33.1473207477
110.0 33.4560460137
120.0 33.9632308374
130.0 34.6576840817
140.0 35.5234810174
150.0 36.5398229006
160.0 37.6810045789
170.0 38.9165712414
180.0 40.2117348493
190.0 41.528098976
200.0 42.8247100993
210.0 44.0594173175
220.0 45.1904852594
230.0 46.1783711167
240.0 46.9875504197
250.0 47.5882607833
260.0 47.9580305101
270.0 48.0828703051
280.0 47.9580305101
290.0 47.5882607833
300.0 46.9875504197
310.0 46.1783711167
320.0 45.1904852594
330.0 44.0594173175
340.0 42.8247100993
350.0 41.528098976
