0.0 39.2252504473
10.0 37.9618601191
20.0 36.756604689
30.0 35.6434187669
40.0 34.6520100386
50.0 33.8074530513
60.0 33.1300363088
70.0 32.6352938709
80.0 32.3341423308
90.0 32.2330455594
100.0 32.3341423308
110.0 32.6352938709
120.0 33.1300363088
130.0 33.8074530513
140.0 34.6520100386
150.0 35.6434187669
160.0 36.756604689
170.0 37.9618601191
180.0 39.2252504473
190.0 40.5093211979
200.0 41.7741235307
210.0 42.9785406006
220.0 44.0818608991
230.0 45.0455116918
240.0 45.8348400044
250.0 46.4208135902
260.0 46.781512033
270.0 46.9032892267
280.0 46.781512033
290.0 46.4208135902
300.0 45.8348400044
310.0 45.0455116918
320.0 44.0818608991
330.0 42.9785406006
340.0 41.7741235307
350.0 40.5093211979
