0.0 35.7504139461
10.0 34.5989432303
20.0 33.5004574323
30.0 32.4858850062
40.0 31.582301931
50.0 30.8125614818
60.0 30.1951548705
70.0 29.7442400452
80.0 29.469766534
90.0 29.3776255945
100.0 29.469766534
110.0 29.7442400452
120.0 30.1951548705
130.0 30.8125614818
140.0 31.582301931
150.0 32.4858850062
160.0 33.5004574323
170.0 34.5989432303
180.0 35.7504139461
190.0 36.9207330733
200.0 38.0734907088
210.0 39.1712124141
220.0 40.17679318
230.0 41.0550773043
240.0 41.7744816062
250.0 42.3085457107
260.0 42.6372910595
270.0 42.7482804103
280.0 42.6372910595
290.0 42.3085457107
300.0 41.7744816062
310.0 41.0550773043
320.0 40.17679318
330.0 39.1712124141
340.0 38.0734907088
350.0 36.9207330733
