0.0 31.5688161755
10.0 30.5520288619
20.0 29.5820290101
30.0 28.6861274839
40.0 27.888233282
50.0 27.208526614
60.0 26.6633358409
70.0 26.2651629064
80.0 26.022793578
90.0 25.9414300339
100.0 26.022793578
110.0 26.2651629064
120.0 26.6633358409
130.0 27.208526614
140.0 27.888233282
150.0 28.6861274839
160.0 29.5820290101
170.0 30.5520288619
180.0 31.5688161755
190.0 32.6022472695
200.0 33.6201709765
210.0 34.5894961087
220.0 35.4774576969
230.0 36.2530120755
240.0 36.8882702349
250.0 37.3598667755
260.0 37.6501599592
270.0 37.7481672836
280.0 37.6501599592
290.0 37.3598667755
300.0 36.8882702349
310.0 36.2530120755
320.0 35.4774576969
330.0 34.5894961087
340.0 33.6201709765
350.0 32.6022472695
