0.0 28.1117363935
10.0 27.2062967733
20.0 26.3425209515
30.0 25.5447289976
40.0 24.834211652
50.0 24.2289392031
60.0 23.7434519041
70.0 23.3888826193
80.0 23.1730549926
90.0 23.1006015154
100.0 23.1730549926
110.0 23.3888826193
120.0 23.7434519041
130.0 24.2289392031
140.0 24.834211652
150.0 25.5447289976
160.0 26.3425209515
170.0 27.2062967733
180.0 28.1117363935
190.0 29.0319971449
200.0 29.9384487128
210.0 30.8016237032
220.0 31.5923452163
230.0 32.2829691576
240.0 32.8486606242
250.0 33.2686129454
260.0 33.5271163183
270.0 33.6143909266
280.0 33.5271163183
290.0 33.2686129454
300.0 32.8486606242
310.0 32.2829691576
320.0 31.5923452163
330.0 30.8016237032
340.0 29.9384487128
350.0 29.0319971449
