0.0 25.2114722517
10.0 24.3994460737
20.0 23.6247852752
30.0 22.9093008445
40.0 22.2720869744
50.0 21.7292599737
60.0 21.29385999
70.0 20.9758713194
80.0 20.782310447
90.0 20.7173319339
100.0 20.782310447
110.0 20.9758713194
120.0 21.29385999
130.0 21.7292599737
140.0 22.2720869744
150.0 22.9093008445
160.0 23.6247852752
170.0 24.3994460737
180.0 25.2114722517
190.0 26.0367904773
200.0 26.8497242012
210.0 27.6238461556
220.0 28.3329895969
230.0 28.9523624485
240.0 29.4596920034
250.0 29.8363181977
260.0 30.0681519955
270.0 30.1464225561
280.0 30.0681519955
290.0 29.8363181977
300.0 29.4596920034
310.0 28.9523624485
320.0 28.3329895969
330.0 27.6238461556
340.0 26.8497242012
350.0 26.0367904773
