0.0 22.1619201371
10.0 21.4481157576
20.0 20.7671570822
30.0 20.1382168659
40.0 19.5780796887
50.0 19.1009124484
60.0 18.7181779706
70.0 18.4386528619
80.0 18.268504901
90.0 18.2113861178
100.0 18.268504901
110.0 18.4386528619
120.0 18.7181779706
130.0 19.1009124484
140.0 19.5780796887
150.0 20.1382168659
160.0 20.7671570822
170.0 21.4481157576
180.0 22.1619201371
190.0 22.8874087726
200.0 23.6020109222
210.0 24.2824959315
220.0 24.9058621576
230.0 25.4503163463
240.0 25.8962798731
250.0 26.2273497748
260.0 26.4311412099
270.0 26.4999442491
280.0 26.4311412099
290.0 26.2273497748
300.0 25.8962798731
310.0 25.4503163463
320.0 24.9058621576
330.0 24.2824959315
340.0 23.6020109222
350.0 22.8874087726
