0.0 19.3086126529
10.0 18.6867093075
20.0 18.0934228406
30.0 17.5454575496
40.0 17.0574370297
50.0 16.6417042161
60.0 16.3082461161
70.0 16.064709364
80.0 15.916467648
90.0 15.8667028057
100.0 15.916467648
110.0 16.064709364
120.0 16.3082461161
130.0 16.6417042161
140.0 17.0574370297
150.0 17.5454575496
160.0 18.0934228406
170.0 18.6867093075
180.0 19.3086126529
190.0 19.9406959272
200.0 20.5632943313
210.0 21.1561681156
220.0 21.6992770578
230.0 22.1736337458
240.0 22.562180268
250.0 22.8506255135
260.0 23.0281791667
270.0 23.0881239379
280.0 23.0281791667
290.0 22.8506255135
300.0 22.562180268
310.0 22.1736337458
320.0 21.6992770578
330.0 21.1561681156
340.0 20.5632943313
350.0 19.9406959272
