0.0 17.6290023882
10.0 17.0611969348
20.0 16.5195190459
30.0 16.0192199514
40.0 15.5736511752
50.0 15.1940819697
60.0 14.8896305963
70.0 14.6672785267
80.0 14.5319320048
90.0 14.4864960877
100.0 14.5319320048
110.0 14.6672785267
120.0 14.8896305963
130.0 15.1940819697
140.0 15.5736511752
150.0 16.0192199514
160.0 16.5195190459
170.0 17.0611969348
180.0 17.6290023882
190.0 18.2061022427
200.0 18.7745422933
210.0 19.315843398
220.0 19.8117085857
230.0 20.2448021144
240.0 20.5995498992
250.0 20.8629039792
260.0 21.0250126627
270.0 21.0797429809
280.0 21.0250126627
290.0 20.8629039792
300.0 20.5995498992
310.0 20.2448021144
320.0 19.8117085857
330.0 19.315843398
340.0 18.7745422933
350.0 18.2061022427
