0.0 15.8205353387
10.0 15.3109780738
20.0 14.8248680833
30.0 14.3758920533
40.0 13.9760318449
50.0 13.6354006568
60.0 13.3621813556
70.0 13.1626392206
80.0 13.0411771897
90.0 13.0004023055
100.0 13.0411771897
110.0 13.1626392206
120.0 13.3621813556
130.0 13.6354006568
140.0 13.9760318449
150.0 14.3758920533
160.0 14.8248680833
170.0 15.3109780738
180.0 15.8205353387
190.0 16.3384335409
200.0 16.848560303
210.0 17.3343321617
220.0 17.7793291362
230.0 18.1679938674
240.0 18.4863499345
250.0 18.7226878983
260.0 18.8681667007
270.0 18.9172825222
280.0 18.8681667007
290.0 18.7226878983
300.0 18.4863499345
310.0 18.1679938674
320.0 17.7793291362
330.0 17.3343321617
340.0 16.848560303
350.0 16.3384335409
