5.0 35.307412804
15.0 34.1739420946
25.0 33.1096375219
35.0 32.1436774478
45.0 31.3011546319
55.0 30.602827312
65.0 30.0650724185
75.0 29.6999719136
85.0 29.5154591972
95.0 29.5154591972
105.0 29.6999719136
115.0 30.0650724185
125.0 30.602827312
135.0 31.3011546319
145.0 32.1436774478
155.0 33.1096375219
165.0 34.1739420946
175.0 35.307412804
185.0 36.4772911137
195.0 37.6480308635
205.0 38.7823783206
215.0 39.8427069177
225.0 40.7925416585
235.0 41.5981809032
245.0 42.2303043196
255.0 42.665447709
265.0 42.8872294658
275.0 42.8872294658
285.0 42.665447709
295.0 42.2303043196
305.0 41.5981809032
315.0 40.7925416585
325.0 39.8427069177
335.0 38.7823783206
345.0 37.6480308635
355.0 36.4772911137
