5.0 7.10957699981
15.0 6.88133888647
25.0 6.667028216
35.0 6.47252040644
45.0 6.30286819015
55.0 6.16225149076
65.0 6.05396800245
75.0 5.98045057519
85.0 5.94329669558
95.0 5.94329669558
105.0 5.98045057519
115.0 6.05396800245
125.0 6.16225149076
135.0 6.30286819015
145.0 6.47252040644
155.0 6.667028216
165.0 6.88133888647
175.0 7.10957699981
185.0 7.34514622631
195.0 7.58088891422
205.0 7.80930357138
215.0 8.02281363081
225.0 8.21407440837
235.0 8.37629966902
245.0 8.5035854072
255.0 8.59120682115
265.0 8.63586527534
275.0 8.63586527534
285.0 8.59120682115
295.0 8.5035854072
305.0 8.37629966902
315.0 8.21407440837
325.0 8.02281363081
335.0 7.80930357138
345.0 7.58088891422
355.0 7.34514622631
