5.0 0.39624374481
15.0 0.383523167378
25.0 0.371578819265
35.0 0.360738159848
45.0 0.351282797103
55.0 0.343445694059
65.0 0.337410643744
75.0 0.333313238133
85.0 0.331242511226
95.0 0.331242511226
105.0 0.333313238133
115.0 0.337410643744
125.0 0.343445694059
135.0 0.351282797103
145.0 0.360738159848
155.0 0.371578819265
165.0 0.383523167378
175.0 0.39624374481
185.0 0.40937291304
195.0 0.422511748932
205.0 0.435242165823
215.0 0.44714189284
225.0 0.457801582824
235.0 0.466843013107
245.0 0.473937131021
255.0 0.478820605409
265.0 0.481309590777
275.0 0.481309590777
285.0 0.478820605409
295.0 0.473937131021
305.0 0.466843013107
315.0 0.457801582824
325.0 0.44714189284
335.0 0.435242165823
345.0 0.422511748932
355.0 0.40937291304
