5.0 0.193056655199
15.0 0.186858974697
25.0 0.181039486249
35.0 0.175757733604
45.0 0.171150920931
55.0 0.167332551758
65.0 0.164392173158
75.0 0.162395847834
85.0 0.161386954657
95.0 0.161386954657
105.0 0.162395847834
115.0 0.164392173158
125.0 0.167332551758
135.0 0.171150920931
145.0 0.175757733604
155.0 0.181039486249
165.0 0.186858974697
175.0 0.193056655199
185.0 0.199453408049
195.0 0.205854871148
205.0 0.212057345601
215.0 0.217855093895
225.0 0.223048675171
235.0 0.227453812946
245.0 0.230910187196
255.0 0.233289498525
265.0 0.234502174299
275.0 0.234502174299
285.0 0.233289498525
295.0 0.230910187196
305.0 0.227453812946
315.0 0.223048675171
325.0 0.217855093895
335.0 0.212057345601
345.0 0.205854871148
355.0 0.199453408049
