5.0 0.547372124842
15.0 0.529799886568
25.0 0.513299933466
35.0 0.498324618757
45.0 0.485262956422
55.0 0.474436762187
65.0 0.466099928211
75.0 0.460439761598
85.0 0.45757925414
95.0 0.45757925414
105.0 0.460439761598
115.0 0.466099928211
125.0 0.474436762187
135.0 0.485262956422
145.0 0.498324618757
155.0 0.513299933466
165.0 0.529799886568
175.0 0.547372124842
185.0 0.56550879149
195.0 0.583658813073
205.0 0.601244643601
215.0 0.617682957006
225.0 0.632408280076
235.0 0.644898135046
245.0 0.654697967718
255.0 0.661444011757
265.0 0.664882302524
275.0 0.664882302524
285.0 0.661444011757
295.0 0.654697967718
305.0 0.644898135046
315.0 0.632408280076
325.0 0.617682957006
335.0 0.601244643601
345.0 0.583658813073
355.0 0.56550879149
