5.0 1.62143453648
15.0 1.56938176885
25.0 1.52050534166
35.0 1.4761452229
45.0 1.43745375606
55.0 1.40538422889
65.0 1.38068872483
75.0 1.36392208799
85.0 1.35544864667
95.0 1.35544864667
105.0 1.36392208799
115.0 1.38068872483
125.0 1.40538422889
135.0 1.43745375606
145.0 1.4761452229
155.0 1.52050534166
165.0 1.56938176885
175.0 1.62143453648
185.0 1.67515926294
195.0 1.72892354961
205.0 1.78101658043
215.0 1.82971041753
225.0 1.87333000702
235.0 1.91032765685
245.0 1.93935687925
255.0 1.95934011971
265.0 1.96952508007
275.0 1.96952508007
285.0 1.95934011971
295.0 1.93935687925
305.0 1.91032765685
315.0 1.87333000702
325.0 1.82971041753
335.0 1.78101658043
345.0 1.72892354961
355.0 1.67515926294
