#date (JD)	SZA (deg)	Az (deg)	LTST (hrs) 	Ls (deg) 
2455457.45167  , 89.486813025 , 30.3262200632 , 9.92475025705 , 150.032818607
2455457.47272  , 88.6238695712 , 23.1723354409 , 10.4165490526 , 150.043600298
2455457.49378  , 87.9801981879 , 15.9931279865 , 10.9083478455 , 150.054382369
2455457.51483  , 87.566525944 , 8.7946183765 , 11.4001466356 , 150.065164818
2455457.53588  , 87.3898081321 , 1.58474063717 , 11.8919454228 , 150.075947645
2455457.55693  , 87.453003851 , 354.372540828 , 12.3837442071 , 150.086730852
2455457.57799  , 87.7549764565 , 347.16727768 , 12.8755429883 , 150.097514436
2455457.59904  , 88.2905306845 , 339.977504087 , 13.3673417777 , 150.1082984
2455457.62009  , 89.0505819245 , 332.810212645 , 13.8591405534 , 150.119082743
