0.0 35.8899686062
5.0 35.307412804
10.0 34.7340030304
15.0 34.1739420946
20.0 33.6312292034
25.0 33.1096375219
30.0 32.612696311
35.0 32.1436774478
40.0 31.7055860254
45.0 31.3011546319
50.0 30.9328408315
55.0 30.602827312
60.0 30.3130241231
65.0 30.0650724185
70.0 29.860349115
75.0 29.6999719136
80.0 29.584804174
85.0 29.5154591972
90.0 29.4923035549
95.0 29.5154591972
100.0 29.584804174
105.0 29.6999719136
110.0 29.860349115
115.0 30.0650724185
120.0 30.3130241231
125.0 30.602827312
130.0 30.9328408315
135.0 31.3011546319
140.0 31.7055860254
145.0 32.1436774478
150.0 32.612696311
155.0 33.1096375219
160.0 33.6312292034
165.0 34.1739420946
170.0 34.7340030304
175.0 35.307412804
180.0 35.8899686062
185.0 36.4772911137
190.0 37.0648561696
195.0 37.6480308635
200.0 38.2221136887
205.0 38.7823783206
210.0 39.3241204403
215.0 39.8427069177
220.0 40.3336265728
225.0 40.7925416585
230.0 41.2153391509
235.0 41.5981809032
240.0 41.9375517063
245.0 42.2303043196
250.0 42.4737005736
255.0 42.665447709
260.0 42.8037292067
265.0 42.8872294658
270.0 42.9151518136
275.0 42.8872294658
280.0 42.8037292067
285.0 42.665447709
290.0 42.4737005736
295.0 42.2303043196
300.0 41.9375517063
305.0 41.5981809032
310.0 41.2153391509
315.0 40.7925416585
320.0 40.3336265728
325.0 39.8427069177
330.0 39.3241204403
335.0 38.7823783206
340.0 38.2221136887
345.0 37.6480308635
350.0 37.0648561696
355.0 36.4772911137
