0.0 7.22688169601
5.0 7.10957699981
10.0 6.99411396772
15.0 6.88133888647
20.0 6.77205704501
25.0 6.667028216
30.0 6.56696305906
35.0 6.47252040644
40.0 6.38430537019
45.0 6.30286819015
50.0 6.22870372677
55.0 6.16225149076
60.0 6.10389609391
65.0 6.05396800245
70.0 6.0127444753
75.0 5.98045057519
80.0 5.95726015008
85.0 5.94329669558
90.0 5.93863402536
95.0 5.94329669558
100.0 5.95726015008
105.0 5.98045057519
110.0 6.0127444753
115.0 6.05396800245
120.0 6.10389609391
125.0 6.16225149076
130.0 6.22870372677
135.0 6.30286819015
140.0 6.38430537019
145.0 6.47252040644
150.0 6.56696305906
155.0 6.667028216
160.0 6.77205704501
165.0 6.88133888647
170.0 6.99411396772
175.0 7.10957699981
180.0 7.22688169601
185.0 7.34514622631
190.0 7.46345959666
195.0 7.58088891422
200.0 7.69648747344
205.0 7.80930357138
210.0 7.91838993621
215.0 8.02281363081
220.0 8.12166627425
225.0 8.21407440837
230.0 8.29920982582
235.0 8.37629966902
240.0 8.44463610786
245.0 8.5035854072
250.0 8.55259620328
255.0 8.59120682115
260.0 8.61905148258
265.0 8.63586527534
270.0 8.64148777966
275.0 8.63586527534
280.0 8.61905148258
285.0 8.59120682115
290.0 8.55259620328
295.0 8.5035854072
300.0 8.44463610786
305.0 8.37629966902
310.0 8.29920982582
315.0 8.21407440837
320.0 8.12166627425
325.0 8.02281363081
330.0 7.91838993621
335.0 7.80930357138
340.0 7.69648747344
345.0 7.58088891422
350.0 7.46345959666
355.0 7.34514622631
