0.0 0.556403508961
5.0 0.547372124842
10.0 0.538482531942
15.0 0.529799886568
20.0 0.52138618857
25.0 0.513299933466
30.0 0.505595835517
35.0 0.498324618757
40.0 0.491532871254
45.0 0.485262956422
50.0 0.479552973971
55.0 0.474436762187
60.0 0.469943932646
65.0 0.466099928211
70.0 0.462926095274
75.0 0.460439761598
80.0 0.458654311877
85.0 0.45757925414
90.0 0.457220271361
95.0 0.45757925414
100.0 0.458654311877
105.0 0.460439761598
110.0 0.462926095274
115.0 0.466099928211
120.0 0.469943932646
125.0 0.474436762187
130.0 0.479552973971
135.0 0.485262956422
140.0 0.491532871254
145.0 0.498324618757
150.0 0.505595835517
155.0 0.513299933466
160.0 0.52138618857
165.0 0.529799886568
170.0 0.538482531942
175.0 0.547372124842
180.0 0.556403508961
185.0 0.56550879149
190.0 0.574617834254
195.0 0.583658813073
200.0 0.592558840318
205.0 0.601244643601
210.0 0.609643291693
215.0 0.617682957006
220.0 0.625293702552
225.0 0.632408280076
230.0 0.638962925219
235.0 0.644898135046
240.0 0.65015941314
245.0 0.654697967718
250.0 0.658471348834
255.0 0.661444011757
260.0 0.663587794923
265.0 0.664882302524
270.0 0.665315183713
275.0 0.664882302524
280.0 0.663587794923
285.0 0.661444011757
290.0 0.658471348834
295.0 0.654697967718
300.0 0.65015941314
305.0 0.644898135046
310.0 0.638962925219
315.0 0.632408280076
320.0 0.625293702552
325.0 0.617682957006
330.0 0.609643291693
335.0 0.601244643601
340.0 0.592558840318
345.0 0.583658813073
350.0 0.574617834254
355.0 0.56550879149
