0.0 0.19624199974
5.0 0.193056655199
10.0 0.189921320034
15.0 0.186858974697
20.0 0.183891486365
25.0 0.181039486249
30.0 0.17832227192
35.0 0.175757733604
40.0 0.173362302788
45.0 0.171150920931
50.0 0.169137025697
55.0 0.167332551758
60.0 0.165747943036
65.0 0.164392173158
70.0 0.163272770939
75.0 0.162395847834
80.0 0.161766124588
85.0 0.161386954657
90.0 0.161260342411
95.0 0.161386954657
100.0 0.161766124588
105.0 0.162395847834
110.0 0.163272770939
115.0 0.164392173158
120.0 0.165747943036
125.0 0.167332551758
130.0 0.169137025697
135.0 0.171150920931
140.0 0.173362302788
145.0 0.175757733604
150.0 0.17832227192
155.0 0.181039486249
160.0 0.183891486365
165.0 0.186858974697
170.0 0.189921320034
175.0 0.193056655199
180.0 0.19624199974
185.0 0.199453408049
190.0 0.202666142582
195.0 0.205854871148
200.0 0.208993886478
205.0 0.212057345601
210.0 0.215019525871
215.0 0.217855093895
220.0 0.220539383087
225.0 0.223048675171
230.0 0.225360480632
235.0 0.227453812946
240.0 0.229309451378
245.0 0.230910187196
250.0 0.232241048422
255.0 0.233289498525
260.0 0.234045605
265.0 0.234502174299
270.0 0.234654850313
275.0 0.234502174299
280.0 0.234045605
285.0 0.233289498525
290.0 0.232241048422
295.0 0.230910187196
300.0 0.229309451378
305.0 0.227453812946
310.0 0.225360480632
315.0 0.223048675171
320.0 0.220539383087
325.0 0.217855093895
330.0 0.215019525871
335.0 0.212057345601
340.0 0.208993886478
345.0 0.205854871148
350.0 0.202666142582
355.0 0.199453408049
