0.0 1.64818744818
5.0 1.62143453648
10.0 1.59510164102
15.0 1.56938176885
20.0 1.54445857694
25.0 1.52050534166
30.0 1.49768413846
35.0 1.4761452229
40.0 1.4560265989
45.0 1.43745375606
50.0 1.42053955395
55.0 1.40538422889
60.0 1.39207549676
65.0 1.38068872483
70.0 1.37128714571
75.0 1.36392208799
80.0 1.35863320004
85.0 1.35544864667
90.0 1.35438526209
95.0 1.35544864667
100.0 1.35863320004
105.0 1.36392208799
110.0 1.37128714571
115.0 1.38068872483
120.0 1.39207549676
125.0 1.40538422889
130.0 1.42053955395
135.0 1.43745375606
140.0 1.4560265989
145.0 1.4761452229
150.0 1.49768413846
155.0 1.52050534166
160.0 1.54445857694
165.0 1.56938176885
170.0 1.59510164102
175.0 1.62143453648
180.0 1.64818744818
185.0 1.67515926294
190.0 1.70214221633
195.0 1.72892354961
200.0 1.75528735386
205.0 1.78101658043
210.0 1.80589519127
215.0 1.82971041753
220.0 1.85225509073
225.0 1.87333000702
230.0 1.89274628258
235.0 1.91032765685
240.0 1.92591269968
245.0 1.93935687925
250.0 1.95053444965
255.0 1.95934011971
260.0 1.96569046878
265.0 1.96952508007
270.0 1.97080736771
275.0 1.96952508007
280.0 1.96569046878
285.0 1.95934011971
290.0 1.95053444965
295.0 1.93935687925
300.0 1.92591269968
305.0 1.91032765685
310.0 1.89274628258
315.0 1.87333000702
320.0 1.85225509073
325.0 1.82971041753
330.0 1.80589519127
335.0 1.78101658043
340.0 1.75528735386
345.0 1.72892354961
350.0 1.70214221633
355.0 1.67515926294
