0.0 0.402781581324
5.0 0.39624374481
10.0 0.389808551236
15.0 0.383523167378
20.0 0.377432475048
25.0 0.371578819265
30.0 0.36600180779
35.0 0.360738159848
40.0 0.355821600633
45.0 0.351282797103
50.0 0.347149329711
55.0 0.343445694059
60.0 0.340193326023
65.0 0.337410643744
70.0 0.335113099913
75.0 0.333313238133
80.0 0.332020747611
85.0 0.331242511226
90.0 0.330982642895
95.0 0.331242511226
100.0 0.332020747611
105.0 0.333313238133
110.0 0.335113099913
115.0 0.337410643744
120.0 0.340193326023
125.0 0.343445694059
130.0 0.347149329711
135.0 0.351282797103
140.0 0.355821600633
145.0 0.360738159848
150.0 0.36600180779
155.0 0.371578819265
160.0 0.377432475048
165.0 0.383523167378
170.0 0.389808551236
175.0 0.39624374481
180.0 0.402781581324
185.0 0.40937291304
190.0 0.415966966797
195.0 0.422511748932
200.0 0.428954495949
205.0 0.435242165823
210.0 0.441321963497
215.0 0.44714189284
220.0 0.45265132633
225.0 0.457801582824
230.0 0.46254650318
235.0 0.466843013107
240.0 0.470651662543
245.0 0.473937131021
250.0 0.476668688943
255.0 0.478820605409
260.0 0.480372494209
265.0 0.481309590777
270.0 0.481622954311
275.0 0.481309590777
280.0 0.480372494209
285.0 0.478820605409
290.0 0.476668688943
295.0 0.473937131021
300.0 0.470651662543
305.0 0.466843013107
310.0 0.46254650318
315.0 0.457801582824
320.0 0.45265132633
325.0 0.44714189284
330.0 0.441321963497
335.0 0.435242165823
340.0 0.428954495949
345.0 0.422511748932
350.0 0.415966966797
355.0 0.40937291304
